3
3
DZZ-3农田小气候自动气象站
台站3
1025959
225959
9999

1
0
0
123
电话3
E:\长望气象 - 宿州\Soil_Csharp2\Shape\bin\Debug\data\33
1,1,1,1,1,1,1,1,1,1,1,1,1,1,1,1,1,1,1,1,1,1,1,1,1,1,1,1,1,1,1,1
11,12,13,14,15,16,17,18,19
1,1,1,1,1,1,1,1,
粗砂土,粗砂土,粗砂土,粗砂土,粗砂土,粗砂土,粗砂土,粗砂土,
1,1.1,1.2,1.3,1.4,1.5,1.6,1.7,
5,5.1,5.2,5.3,5.4,5.5,5.6,5.7,
20,21,22,23,24,25,26,27,
10,20,30,40,50,60,80,100,
0,0,0,0,0,0,0,0,
115,340,450,530,610,690,750,825,895,955,1005,1015,1025,1035,1045,1055,1065,1070,1080,1095,1106,
115,340,450,530,610,690,750,825,895,955,1005,1015,1025,1035,1045,1055,1065,1070,1080,1095,1106,
115,340,450,530,610,690,750,825,895,955,1005,1015,1025,1035,1045,1055,1065,1070,1080,1095,1106,
115,340,450,530,610,690,750,825,895,955,1005,1015,1025,1035,1045,1055,1065,1070,1080,1095,1106,
115,340,450,530,610,690,750,825,895,955,1005,1015,1025,1035,1045,1055,1065,1070,1080,1095,1106,
115,340,450,530,610,690,750,825,895,955,1005,1015,1025,1035,1045,1055,1065,1070,1080,1095,1106,
115,340,450,530,610,690,750,825,895,955,1005,1015,1025,1035,1045,1055,1065,1070,1080,1095,1106,
115,340,450,530,610,690,750,825,895,955,1005,1015,1025,1035,1045,1055,1065,1070,1080,1095,1106,
0




4
DZZ-3农田小气候自动气象站
台站4
1040000
240000
9999

0
0
0
13912345678
1234567
E:\长望气象 - 宿州\Soil_Csharp2\Shape\bin\Debug\data\4
0,1,0,1,0,1,0,1,0,1,0,1,0,1,0,1,0,1,0,1,0,1,0,1,0,1,0,1,0,1,0,1
10,10,10,10,10,10,10,10,10
1,1,1,1,1,1,1,1,
粗砂土,粗砂土,粗砂土,粗砂土,粗砂土,粗砂土,粗砂土,粗砂土,
1,1.1,1.2,1.3,1.4,1.5,1.6,1.7,
5,5.1,5.2,5.3,5.4,5.5,5.6,5.7,
20,21,22,23,24,25,26,27,
10,20,30,40,50,60,80,100,
0,0,0,0,0,0,0,0,
115,340,450,530,610,690,750,825,895,955,1005,1015,1025,1035,1045,1055,1065,1070,1080,1095,1106,
115,340,450,530,610,690,750,825,895,955,1005,1015,1025,1035,1045,1055,1065,1070,1080,1095,1106,
115,340,450,530,610,690,750,825,895,955,1005,1015,1025,1035,1045,1055,1065,1070,1080,1095,1106,
115,340,450,530,610,690,750,825,895,955,1005,1015,1025,1035,1045,1055,1065,1070,1080,1095,1106,
115,340,450,530,610,690,750,825,895,955,1005,1015,1025,1035,1045,1055,1065,1070,1080,1095,1106,
115,340,450,530,610,690,750,825,895,955,1005,1015,1025,1035,1045,1055,1065,1070,1080,1095,1106,
115,340,450,530,610,690,750,825,895,955,1005,1015,1025,1035,1045,1055,1065,1070,1080,1095,1106,
115,340,450,530,610,690,750,825,895,955,1005,1015,1025,1035,1045,1055,1065,1070,1080,1095,1106,
0




5
DZZ-3农田小气候自动气象站
台站5
1020000
250000
9999

1
0
0
555


1,0,1,0,1,0,1,0,1,0,1,0,1,0,1,0,1,0,1,0,1,0,1,0,1,0,1,0,1,0,1,0
10,10,10,10,10,10,10,10,10
1,1,1,1,1,1,1,1,
粗砂土,粗砂土,粗砂土,粗砂土,粗砂土,粗砂土,粗砂土,粗砂土,
1,1.1,1.2,1.3,1.4,1.5,1.6,1.7,
5,5.1,5.2,5.3,5.4,5.5,5.6,5.7,
20,21,22,23,24,25,26,27,
10,20,30,40,50,60,80,100,
0,0,0,0,0,0,0,0,
115,340,450,530,610,690,750,825,895,955,1005,1015,1025,1035,1045,1055,1065,1070,1080,1095,1106,
115,340,450,530,610,690,750,825,895,955,1005,1015,1025,1035,1045,1055,1065,1070,1080,1095,1106,
115,340,450,530,610,690,750,825,895,955,1005,1015,1025,1035,1045,1055,1065,1070,1080,1095,1106,
115,340,450,530,610,690,750,825,895,955,1005,1015,1025,1035,1045,1055,1065,1070,1080,1095,1106,
115,340,450,530,610,690,750,825,895,955,1005,1015,1025,1035,1045,1055,1065,1070,1080,1095,1106,
115,340,450,530,610,690,750,825,895,955,1005,1015,1025,1035,1045,1055,1065,1070,1080,1095,1106,
115,340,450,530,610,690,750,825,895,955,1005,1015,1025,1035,1045,1055,1065,1070,1080,1095,1106,
115,340,450,530,610,690,750,825,895,955,1005,1015,1025,1035,1045,1055,1065,1070,1080,1095,1106,
0




