1
001
DZZ-3农田小气候自动气象站
001
1182222
362222
9999

1
0
0
J0045

E:\长望气象 - 宿州\Soil_Csharp2\Shape\bin\Debug\SCWJ
1,1,1,1,1,1,1,1,1,1,1,1,1,1,1,1,1,1,1,1,1,1,1,1,1,1,1,1,1,1,1,1
10,10,10,10,10,10,10,10,10
1,1,1,1,1,1,1,1,
粗砂土,粗砂土,粗砂土,粗砂土,粗砂土,粗砂土,粗砂土,粗砂土,
1,1.1,1.2,1.3,1.4,1.5,1.6,1.7,
5,5.1,5.2,5.3,5.4,5.5,5.6,5.7,
20,21,22,23,24,25,26,27,
10,20,30,40,50,60,80,100,
0,0,0,0,0,0,0,0,
115,340,450,530,610,690,750,825,895,955,1005,1015,1025,1035,1045,1055,1065,1070,1080,1095,1106,
115,340,450,530,610,690,750,825,895,955,1005,1015,1025,1035,1045,1055,1065,1070,1080,1095,1106,
115,340,450,530,610,690,750,825,895,955,1005,1015,1025,1035,1045,1055,1065,1070,1080,1095,1106,
115,340,450,530,610,690,750,825,895,955,1005,1015,1025,1035,1045,1055,1065,1070,1080,1095,1106,
115,340,450,530,610,690,750,825,895,955,1005,1015,1025,1035,1045,1055,1065,1070,1080,1095,1106,
115,340,450,530,610,690,750,825,895,955,1005,1015,1025,1035,1045,1055,1065,1070,1080,1095,1106,
115,340,450,530,610,690,750,825,895,955,1005,1015,1025,1035,1045,1055,1065,1070,1080,1095,1106,
115,340,450,530,610,690,750,825,895,955,1005,1015,1025,1035,1045,1055,1065,1070,1080,1095,1106,
0




